3+  es= 860 ee= 880 previous_ee= 829 interval =  829 880 midpoint =  31
5+  es= 327 ee= 947 next_es= 990 interval =  797 990 midpoint =  150
3+  es= 990 ee= 1016 previous_ee= 947 interval =  947 1016 midpoint =  43
3-  es= 338 ee= 613 next_es= 760 interval =  463 760 midpoint =  147
5-  es= 760 ee= 804 previous_ee= 613 interval =  613 804 midpoint =  44
5+  es= 77 ee= 184 next_es= 339 interval =  77 334 midpoint =  107
5+  es= 339 ee= 385 next_es= 605 interval =  339 535 midpoint =  46
3+  es= 339 ee= 385 previous_ee= 184 interval =  189 385 midpoint =  150
3+  es= 605 ee= 668 previous_ee= 385 interval =  455 668 midpoint =  150
3-  es= 258 ee= 704 next_es= 844 interval =  554 844 midpoint =  140
5-  es= 844 ee= 885 previous_ee= 704 interval =  704 885 midpoint =  41
3-  es= 128 ee= 790 next_es= 930 interval =  640 930 midpoint =  140
5-  es= 930 ee= 953 previous_ee= 790 interval =  790 953 midpoint =  23
3-  es= 376 ee= 604 next_es= 740 interval =  454 740 midpoint =  136
5-  es= 740 ee= 927 previous_ee= 604 interval =  604 890 midpoint =  150
5+  es= 319 ee= 391 next_es= 493 interval =  319 493 midpoint =  72
3+  es= 493 ee= 933 previous_ee= 391 interval =  391 643 midpoint =  102
5+  es= 27 ee= 71 next_es= 216 interval =  27 216 midpoint =  44
3+  es= 216 ee= 875 previous_ee= 71 interval =  71 366 midpoint =  145
5+  es= 191 ee= 461 next_es= 496 interval =  311 496 midpoint =  150
3+  es= 496 ee= 986 previous_ee= 461 interval =  461 646 midpoint =  35




[5.500e+02 5.770e+02 5.420e+02 5.680e+02 5.580e+02 5.760e+02 5.200e+02
 5.500e+02 5.640e+02 5.710e+02 5.650e+02 5.790e+02 5.830e+02 5.600e+02
 5.600e+02 5.260e+02 5.720e+02 5.480e+02 5.220e+02 5.490e+02 5.400e+02
 5.360e+02 5.640e+02 5.120e+02 5.590e+02 5.660e+02 5.750e+02 5.570e+02
 5.520e+02 5.480e+02 5.440e+02 5.990e+02 5.560e+02 5.450e+02 5.150e+02
 5.390e+02 5.190e+02 5.470e+02 5.230e+02 5.660e+02 5.410e+02 5.420e+02
 5.410e+02 5.220e+02 5.940e+02 5.660e+02 5.370e+02 5.300e+02 5.270e+02
 5.430e+02 5.340e+02 5.430e+02 5.680e+02 5.320e+02 5.780e+02 5.420e+02
 5.090e+02 5.560e+02 5.630e+02 5.340e+02 5.260e+02 5.840e+02 5.210e+02
 5.570e+02 5.390e+02 5.350e+02 5.360e+02 5.320e+02 5.350e+02 5.300e+02
 5.470e+02 4.800e+02 5.600e+02 5.470e+02 5.430e+02 5.500e+02 5.260e+02
 5.150e+02 5.110e+02 5.190e+02 5.170e+02 5.430e+02 5.250e+02 4.910e+02
 5.100e+02 5.210e+02 5.370e+02 5.120e+02 5.120e+02 5.220e+02 5.110e+02
 5.320e+02 4.770e+02 5.260e+02 5.250e+02 5.060e+02 5.120e+02 5.050e+02
 5.340e+02 5.240e+02 5.140e+02 5.030e+02 5.140e+02 5.390e+02 5.060e+02
 5.280e+02 5.390e+02 4.900e+02 5.240e+02 5.050e+02 5.200e+02 4.930e+02
 5.050e+02 5.010e+02 4.830e+02 4.340e+02 4.860e+02 4.760e+02 5.000e+02
 4.750e+02 5.210e+02 5.020e+02 5.080e+02 4.940e+02 5.260e+02 5.120e+02
 5.010e+02 5.320e+02 5.130e+02 5.020e+02 5.360e+02 5.110e+02 5.690e+02
 5.860e+02 5.450e+02 6.620e+02 6.470e+02 6.660e+02 7.580e+02 7.520e+02
 6.900e+02 7.850e+02 6.550e+02 5.070e+02 6.680e+02 2.090e+02 1.379e+03
 5.000e+00 1.000e+00 1.327e+03 7.700e+02 5.280e+02 5.070e+02 6.010e+02
 5.730e+02 5.400e+02 5.400e+02 5.360e+02 5.650e+02 5.620e+02 5.610e+02
 5.310e+02 5.780e+02 5.950e+02 5.270e+02 6.150e+02 5.120e+02 5.390e+02
 5.650e+02 5.630e+02 5.470e+02 6.090e+02 5.410e+02 5.520e+02 5.750e+02
 5.470e+02 5.050e+02 5.630e+02 5.660e+02 5.470e+02 5.490e+02 5.640e+02
 5.630e+02 5.670e+02 5.600e+02 5.360e+02 5.740e+02 5.490e+02 5.630e+02
 5.310e+02 5.250e+02 5.090e+02 5.800e+02 5.220e+02 5.160e+02 5.510e+02
 5.450e+02 5.150e+02 5.780e+02 5.300e+02 5.240e+02 5.740e+02 5.620e+02
 5.480e+02 5.280e+02 5.540e+02 5.400e+02 5.340e+02 5.180e+02 5.330e+02
 5.290e+02 5.210e+02 5.020e+02 5.310e+02 5.160e+02 4.650e+02 5.270e+02
 5.520e+02 5.260e+02 5.590e+02 5.360e+02 5.080e+02 5.320e+02 4.930e+02
 5.370e+02 5.270e+02 4.730e+02 4.990e+02 5.310e+02 5.430e+02 5.150e+02
 5.400e+02 4.910e+02 5.020e+02 5.480e+02 5.210e+02 5.020e+02 4.930e+02
 5.320e+02 4.870e+02 5.160e+02 5.250e+02 5.070e+02 5.090e+02 5.210e+02
 4.660e+02 5.660e+02 5.220e+02 5.050e+02 5.480e+02 4.870e+02 4.860e+02
 5.690e+02 4.790e+02 4.960e+02 5.300e+02 4.950e+02 4.930e+02 5.290e+02
 4.840e+02 4.870e+02 5.560e+02 5.190e+02 4.790e+02 5.320e+02 4.950e+02
 4.840e+02 5.240e+02 4.920e+02 4.650e+02 5.590e+02 5.140e+02 4.830e+02
 5.090e+02 4.840e+02 4.680e+02 4.890e+02 4.890e+02 4.760e+02 5.410e+02
 4.510e+02 4.840e+02 5.240e+02 5.010e+02 4.670e+02 5.430e+02 4.900e+02
 5.190e+02 4.710e+02 5.380e+02 4.860e+02 5.100e+02 5.090e+02 4.700e+02
 4.860e+02 5.080e+02 5.160e+02 5.360e+02 5.270e+02 5.120e+02]
